   1.6343638e+01   8.0616926e-01   3.3319032e+02   3.8633037e+02   4.0992976e+02  -3.3595624e+04   6.0230229e+04
   1.6710274e+01   1.2498463e+00   1.9065433e+03   1.4566050e+04   8.5317642e+02   1.3975858e+06   5.4369728e+05
   1.0244581e+01   7.6324885e-01   3.9800960e+02   1.2861886e+03   1.3496919e+02   1.3746487e+04   3.9673729e+04
   9.6167281e+00   1.5798667e+00   3.0793791e+03   1.6662983e+04   3.0982737e+04   5.2804427e+06   1.4087648e+07
   8.6081074e+00   1.6934500e+00   8.6152489e+03   1.4026035e+05   2.8098930e+02   7.1105130e+07   2.0820028e+05
   5.6686573e+00   1.2768008e+00   2.4568228e+03   2.2940379e+04   2.1961113e+03   5.1247453e+06   1.1797882e+06
   5.4644019e+00   1.4709662e+00   3.6598853e+03   3.8897610e+04   2.8340952e+03   1.0948898e+07   2.9736600e+06
   5.9086793e+00   1.8747267e+00   7.7495555e+03   1.1193399e+05   1.0668017e+03   4.8770554e+07   1.0045759e+07
   2.1164130e+01   2.4098208e+00   1.1345702e+04   1.4539534e+05   1.3345501e+04   4.0817115e+07   4.3272372e+07
   8.8451355e+00   2.0993988e+00   9.1826667e+03   1.3417500e+05   3.8478754e+03   5.7330015e+07   1.9053638e+07
   9.4320060e+00   2.5188543e+00   1.7845925e+04   3.3307418e+05   3.2105463e+03   2.5144753e+08   6.1894920e+07
   9.2035031e+00   1.7305796e+00   9.2683974e+03   1.5247839e+05  -1.5936649e+03   8.2397705e+07  -9.0358572e+05
   7.3884499e+00   1.4155286e+00   4.9024645e+03   6.5474673e+04   2.2759783e+03   2.3027350e+07   2.0557127e+05
   7.1540219e+00   2.4512595e+00   1.6765787e+04   2.9145463e+05  -1.7324168e+04   1.9521361e+08   5.7977718e+07
   6.3741171e+00   1.4824877e+00   3.2069311e+03   2.7716017e+04   2.8529877e+03   6.4680413e+06   3.8268366e+06
   6.2644651e+00   1.8592392e+00   6.9734589e+03   8.6816279e+04  -1.1397598e+02   3.3214828e+07   1.2751538e+07
   5.0882254e+00   1.1808442e+00   1.0708654e+03   4.3854517e+03   3.0679972e+03   4.4184491e+05   8.2820857e+05
   5.4606880e+00   1.1600052e+00   1.0580280e+03   5.0281433e+03   3.3375021e+03   6.7983586e+05   7.5952229e+05
   5.5634073e+00   1.3754106e+00   2.6719549e+03   2.5205338e+04   3.8494113e+03   5.8448955e+06   1.7388263e+06
   4.7298078e+00   1.3812633e+00   4.4729944e+03   5.8293941e+04   1.4237999e+03   1.8717558e+07   7.3140217e+04
   4.9563914e+00   1.2550753e+00   3.1739601e+03   3.7313399e+04   1.8230016e+03   9.5022729e+06   6.7640591e+04
   4.6626150e+00   2.6320936e+00   2.2310469e+04   4.7210723e+05  -4.1455090e+04   3.8345717e+08   5.5148049e+07
   4.3337766e+00   1.4050204e+00   3.5244002e+03   3.5670849e+04  -4.0717850e+02   9.6268063e+06   2.3886203e+06
   5.4587332e+00   2.3414590e+00   1.6932691e+04   3.2171243e+05  -2.5693181e+04   2.3248604e+08   2.9725182e+07
