   1.2059548e+01   6.3761443e-01   1.4317800e+02   1.1880923e+01   1.2763105e+02  -1.1087787e+04   1.0950867e+04
   1.3154960e+01   9.1649594e-01   7.1120855e+02   3.3312679e+03   2.0165779e+02   1.2696145e+05   9.3481572e+04
   1.2104490e+01   6.2954833e-01   2.1918960e+02   4.9289104e+02   7.9034067e+01   3.2915245e+03   1.6897600e+04
   1.1637082e+01   1.4329126e+00   2.3545260e+03   1.8163950e+04   1.8512999e+04   5.7725007e+06   5.4574738e+06
   6.8269109e+00   9.1690343e-01   1.4015668e+03   1.1946849e+04   2.3566851e+02   1.8616805e+06   1.8309095e+04
   5.2030390e+00   9.8828230e-01   1.0735717e+03   7.3439883e+03   1.3385949e+03   9.9313406e+05   2.6709424e+05
   4.6784034e+00   8.5907268e-01   6.4124926e+02   3.4804297e+03   9.9530313e+02   3.5214259e+05   1.3221889e+05
   4.6595781e+00   7.8674397e-01   5.2237579e+02   2.7451662e+03   6.0266083e+02   2.2730207e+05   6.4962701e+04
   1.4463450e+01   1.1079945e+00   7.9270659e+02   1.9660823e+03   1.7297270e+03  -8.4137312e+03   4.3703047e+05
   1.1149978e+01   1.9790717e+00   7.3054389e+03   9.6553740e+04   3.6597616e+03   3.2675176e+07   1.2904214e+07
   6.7563846e+00   1.0185656e+00   9.5186131e+02   6.2358129e+03   1.7234575e+03   7.5250740e+05   2.5697554e+05
   8.2447951e+00   8.5435227e-01   1.1876439e+03   9.2271398e+03  -2.6349699e+02   1.3168039e+06  -2.5969543e+04
   6.8824159e+00   1.0360378e+00   1.9468063e+03   1.8662436e+04   9.5179778e+02   3.6069394e+06   4.9168810e+04
   6.0305148e+00   1.2530692e+00   2.1110852e+03   1.6182200e+04   1.6986107e+03   3.1832146e+06   1.4521847e+06
   5.8277015e+00   1.0622662e+00   1.0635691e+03   5.9427194e+03   1.6407565e+03   7.3001254e+05   5.1751462e+05
   5.5139394e+00   1.3262693e+00   2.3943052e+03   1.9616942e+04   1.7686903e+03   3.9033369e+06   1.8767180e+06
   3.7779378e+00   6.7110616e-01   1.0372923e+02   2.7492612e+01   3.2817346e+02   2.0480372e+03   1.2292756e+04
   4.6128981e+00   1.0410169e+00   8.1643783e+02   3.9626216e+03   2.1932350e+03   4.6239215e+05   3.8442672e+05
   4.5299036e+00   1.4502651e+00   3.3619951e+03   3.4825908e+04   2.4775592e+03   9.0296890e+06   2.3444885e+06
   3.8300985e+00   8.0305325e-01   7.3478437e+02   5.4287997e+03   3.6198280e+02   4.9513466e+05   7.6514856e+02
   4.3979272e+00   9.8296797e-01   1.5038944e+03   1.3515166e+04   9.9231690e+02   2.1332712e+06   3.6300023e+04
   3.6992726e+00   1.1917238e+00   2.1106000e+03   1.8120213e+04  -6.1229656e+01   3.3837748e+06   8.3226134e+05
   4.5152612e+00   1.1455530e+00   1.8119580e+03   1.4483562e+04   4.4435349e+02   2.4968684e+06   6.9370252e+05
   4.5360721e+00   1.2590828e+00   2.6752094e+03   2.5132949e+04   1.9209408e+01   5.8553143e+06   1.1669499e+06
