   9.7030242e+00   3.4003276e-01   1.2339728e+01  -5.9887102e+00  -2.8233109e+00  -9.2825042e+01   3.8270495e+01
   9.5618959e+00   7.0115420e-01   2.8346911e+02   7.2633875e+02   6.5062181e+01   6.3604219e+03   2.2016880e+04
   1.1257609e+01   5.5422630e-01   1.2271954e+02   2.1221446e+02   1.8480090e+02   7.4338385e+03   9.2872073e+03
   2.4039274e+01   6.6577506e-01   2.6179309e+02   1.1898461e+03   4.2501541e+02   6.5503327e+04   1.2081977e+04
   1.3620593e+01   3.1298249e-01   3.3975191e+01   5.9840631e+01   7.1991399e+00   1.0170271e+03   2.8083325e+02
   6.3929084e+00   6.1565553e-01   2.1364026e+02   8.0237230e+02   2.7960503e+02   3.7032315e+04   1.1882398e+04
   5.1066811e+00   5.5086273e-01   1.4125996e+02   4.2260344e+02   1.9278997e+02   1.5339691e+04   6.4752680e+03
   4.9407101e+00   5.5191811e-01   1.5477158e+02   5.1040528e+02   1.9028536e+02   1.9432648e+04   6.0038734e+03
   1.1140508e+01   5.3856992e-01   7.3659914e+01   2.7245811e+01   6.4784479e+01   3.2139253e+01   2.4042140e+03
   1.0802196e+01   7.5067118e-01   3.3600399e+02   1.2177207e+03   3.5747688e+02   5.6141164e+04   3.3778904e+04
   1.0342646e+01   7.0257888e-01   1.3786353e+02   6.9399831e+02   3.7205407e+02   1.7915984e+04   2.9707001e+03
   1.4300009e+01   4.3071997e-01   1.1839798e+02   3.1751606e+02  -8.8030128e+00   1.1598274e+04   9.5246207e+02
   1.0065744e+01   3.2794530e-01   4.1290157e+01   7.7641262e+01   3.4410367e+00   1.2353341e+03   3.7157027e+02
   7.9606490e+00   5.1305686e-01   8.5155950e+01   1.9458521e+02   1.2841812e+02   4.4558955e+03   1.6763508e+03
   5.2266485e+00   4.5698977e-01   4.5476024e+01   7.6044821e+01   8.1420682e+01   1.3758691e+03   7.2630109e+02
   8.8068092e+00   5.4852785e-01   1.2514534e+02   3.4932201e+02   1.6195443e+02   9.9730878e+03   2.9823734e+03
   3.3856017e+00   4.0343711e-01   1.5783588e+01  -4.9009292e+00   2.6427015e+01   4.0451591e+01   1.6589839e+02
   3.5441399e+00   4.6730624e-01   3.8264693e+01   5.6080681e+01   7.3005611e+01   8.2439961e+02   4.4996874e+02
   3.7705177e+00   6.9270841e-01   2.7424156e+02   1.1097161e+03   3.6277601e+02   5.3598102e+04   1.9891292e+04
   9.7274130e+00   2.5507625e-01   1.2564915e+01   1.7146993e+01  -2.7789798e-01   1.4436338e+02   1.5142000e+01
   7.1124698e+00   2.8857750e-01   2.4745174e+01   3.7547439e+01   2.7349219e+00   4.1102088e+02   1.6153193e+02
   5.9801380e+00   6.6770008e-01   3.1472506e+02   1.3512642e+03   2.4739146e+02   7.0970425e+04   1.8869177e+04
   4.2895652e+00   4.9662968e-01   9.0638540e+01   2.5262215e+02   1.3314228e+02   6.5692708e+03   1.8913934e+03
   5.7820216e+00   5.8260340e-01   1.7704974e+02   6.5883425e+02   2.4098095e+02   2.5763956e+04   5.4780634e+03
