   2.0935661e+01   3.1810403e+00   3.1350231e+04   7.5379433e+05   2.0035344e+04   5.9713294e+08   1.2266429e+08
   1.6840315e+01   4.3748717e+00   8.4644763e+04   3.1535370e+06   9.2556540e+03   5.3391505e+09   3.7263706e+08
   1.1541603e+01   3.8806198e+00   5.8275953e+04   1.8742137e+06   2.4494731e+04   2.3661529e+09   2.0377493e+08
   7.4446551e+01   1.5466017e+01   4.0915472e+06   6.1126533e+08   3.5281666e+06   1.6142506e+13   2.7214782e+11
   4.2568322e+01   1.3410253e+01   2.7475082e+06   3.6412194e+08   2.5265007e+06   7.3993615e+12   3.4402979e+09
   1.1428782e+01   5.4054688e+00   1.8049499e+05   8.7790969e+06  -3.7707500e+05   2.8331741e+10   1.4174336e+09
   8.5525716e+00   4.9546279e+00   1.3870318e+05   6.1393865e+06  -2.4028372e+05   1.6584785e+10   9.2689571e+08
   9.4940992e+00   4.6765753e+00   1.1714719e+05   4.8737310e+06  -1.9681070e+05   1.1783285e+10   7.0875365e+08
   2.3190678e+01   5.8931001e+00   1.9668565e+05   9.3678204e+06  -1.5487616e+05   2.6270367e+10   2.8354474e+09
   2.0766383e+01   8.7698618e+00   6.9751611e+05   5.5074107e+07  -1.6890617e+06   4.0945477e+11   1.6115189e+10
   1.7345166e+01   5.3826811e+00   1.7687249e+05   8.3232857e+06  -3.8970128e+05   2.6278664e+10   1.7267971e+09
   1.8531858e+01   1.7307085e+01   5.8629498e+06   1.0019761e+09   1.7486959e+07   3.3680051e+13  -4.7833183e+10
   4.1964874e+01   1.6631000e+01   5.0864863e+06   8.3470200e+08   3.9993551e+06   2.5259026e+13   4.0304403e+10
   2.7976457e+01   1.2462789e+01   2.0636845e+06   2.3884521e+08  -1.0332428e+07   3.7472786e+12   6.2708966e+10
   2.6187226e+01   6.1842266e+00   2.4614320e+05   1.2824657e+07  -7.3842350e+05   4.5620787e+10   3.7582347e+09
   2.7476077e+01   9.0805697e+00   8.0379014e+05   6.6354870e+07  -2.9751013e+06   5.5074424e+11   1.5024197e+10
   6.7535798e+00   4.3622784e+00   8.1799109e+04   2.7693180e+06  -6.3357940e+04   4.5120393e+09   8.2783339e+08
   6.7201630e+00   4.0008313e+00   6.5785694e+04   2.0339270e+06  -7.5622017e+04   3.0294844e+09   5.8338488e+08
   6.4935726e+00   5.2525738e+00   1.6172056e+05   7.3571535e+06  -4.1313339e+05   2.1507238e+10   1.5934149e+09
   2.4836161e+01   1.2986135e+01   2.4678781e+06   3.1502248e+08   2.5910675e+06   5.9181056e+12   1.9137024e+10
   2.9506853e+01   2.1534092e+01   1.0803526e+07   2.3049883e+09   3.1941700e+06   1.1477421e+14   1.1057678e+11
   1.2047771e+01   1.0166824e+01   1.1448379e+06   1.0872096e+08  -5.1138645e+06   1.1668534e+12   1.9774247e+10
   9.1753486e+00   5.7409392e+00   2.1742542e+05   1.1177733e+07  -6.5620812e+05   4.0197899e+10   1.7054733e+09
   1.5536256e+01   1.0695161e+01   1.3538228e+06   1.3546716e+08  -6.8584140e+06   1.6429987e+12   2.8541581e+10
